"Date","[FIFA_World_Rankings|FIFA ranking]","Total Points","+/- Ranking","+/- Points"
"December","69","463","0","0"
"November","69","463","12","37"
"October","82","426","6","36"
"September","88","390","−13","−41"
"August","75","431","3","30"
"July","78","401","−6","−33"
"June","72","434","15","43"
"May","87","391","0","3"
"April","87","388","5","15"
"March","92","373","6","26"
"February","98","347","18","96"
"January","116","251","1","0"
