"*","2","3","10","11","12","13","20"
"1","2","3","10","11","12","13","20"
"2","10","12","20","22","30","32","100"
"3","12","21","30","33","102","111","120"
"10","20","30","100","110","120","130","200"
"11","22","33","110","121","132","203","220"
"12","30","102","120","132","210","222","300"
"13","32","111","130","203","222","301","320"
"20","100","120","200","220","300","320","1000"
