"Year","First","Last","Total"
"2001","13186","13197","12"
"2000","13145","13185","41"
"1999","13110","13144","35"
"1998","13072","13109","38"
"1997","13034","13071","38"
"1996","12985","13033","49"
"1995","12945","12984","40"
"1994","12891","12944","54"
"1993","12834","12890","57"
