"Year","First","Last","Total"
"2009","13484","13488","5"
"2008","13454","13483","30"
"2007","13422","13453","32"
"2006","13395","13421","27"
"2005","13369","13394","26"
"2004","13324","13368","45"
"2003","13283","13323","41"
"2002","13252","13282","31"
"2001","13198","13251","54"
