"Election","Seats gained","Seats lost","±","Total seats"
"1996","25","0","+25","25"
"1998","3","5","-2","23"
"2000","1","9","-8","15"
"2002","7","11","-4","11"
"2004","0","4","-4","7"
"2006","6","1","+5","12"
"2007","1","0","+1","13"
"2008","23","7","+16","29"
"2010","12","0","+12","41"
"2011","1","1","0","41"
"2012","13","6","+7","48"
