"Rating list","Rating","Games","Change"
"October 2007","1850","11","-"
"January 2008","1850","0","0"
"April 2008","1850","0","0"
"July 2008","1836","6","-14"
"October 2008","1813","4","-23"
"January 2009","1781","17","-32"
"April 2009","1785","7","+4"
"July 2009","1790","3","+5"
"September 2009","1840","16","+50"
"November 2009","1859","16","+19"
"January 2010","1868","11","+9"
