"Year","Total Population","Ten Year Change"
"1801","599","N/A"
"1811","571","−28"
"1821","700","129"
"1831","722","22"
"1841","669","−53"
"1851","646","−23"
"1881","667","9"
"1891","619","−48"
"1901","635","16"
"1911","661","26"
"1921","652","−9"
"1931","634","−18"
"1951","590","N/A"
"1961","563","−27"
