"Rating list","Rating","Games","Change"
"January 2008","1784","14","-"
"April 2008","1803","5","+19"
"July 2008","1815","9","+12"
"October 2008","1821","6","+6"
"January 2009","1817","14","-5"
"April 2009","1842","6","+25"
"July 2009","1859","22","+17"
"September 2009","1834","12","-25"
"November 2009","1903","9","+69"
"January 2010","1920","6","+17"
