"Field Offset","Field Size","Field"
"0","156","(as in old format)"
"156","1","Type flag"
"157","100","(as in old format)"
"257","6","UStar indicator ""ustar"""
"263","2","UStar version ""00"""
"265","32","Owner user name"
"297","32","Owner group name"
"329","8","Device major number"
"337","8","Device minor number"
"345","155","Filename prefix"
