"Player","L Apps","C Apps","Total Apps","Total G"
"Virgilio","38","5","43","5"
"Sigüenza","38","4","42","11"
"Gonzalo","36","6","42","0"
"Gracia","38","3","41","13"
"Txema","35","6","41","3"
"Rubio","34","6","40","7"
"Jaime","34","6","40","0"
"David","34","4","38","2"
"Bartolo","29","5","34","10"
"Palau","29","4","33","1"
"Bernal","26","4","30","2"
"Benhalima","18","3","21","0"
"Gallardo","15","4","19","0"
"Pares","18","0","18","2"
"Franque","10","3","13","1"
"Maza","9","2","11","0"
"Acosta","9","0","9","0"
"Grabulosa","5","3","8","0"
"Jaume Martínez","2","1","3","0"
