"Year","Total Support and Revenue ($)","Total Expenses ($)","Increase in Net Assets ($)","Net Assets at End of Year ($)"
"0.9995009980039921","80129","23463","56666","56666"
"0.9995012468827931","379088","177670","211418","268084"
"0.9995014955134596","1508039","791907","736132","1004216"
"0.9995017438963627","2734909","2077843","654066","1658282"
"0.9995019920318725","5032981","3540724","3519886","5178168"
"0.9995022399203584","8658006","5617236","3053599","8231767"
"0.9995024875621891","17979312","10266793","6310964","14542731"
"0.9995027349577325","24785092","17889794","9649413","24192144"
"0.9995029821073559","38479665","29260652","10736914","34929058"
