"Nation","Gold","Silver","Bronze","Total"
"Germany","9","6","3","18"
"Hungary","9","3","6","18"
"Poland","0","3","4","7"
"Belarus","1","2","1","4"
"Russia","1","2","1","4"
"Slovakia","1","2","1","4"
"Romania","1","1","1","3"
"Lithuania","0","1","2","3"
"Serbia","0","1","2","3"
"Canada","1","1","0","2"
"United Kingdom","1","1","0","2"
"France","1","0","1","2"
"Spain","1","0","1","2"
"Finland","0","2","0","2"
"China","0","1","1","2"
"Ukraine","1","0","0","1"
"Cuba","0","1","0","1"
"Norway","0","0","1","1"
"Slovenia","0","0","1","1"
"Sweden","0","0","1","1"
"Total","27","27","27","81"
