"Player","League","Malaysia Cup","FA Cup","Total"
"Safee Sali","7","1","3","11"
"Carlos Augusto Quinonez","7","1","2","10"
"Zamri Hassan","4","0","2","6"
"S Sunder","5","0","0","5"
"Kamsi Joel","2","0","3","5"
"Shariful Hisham Ibrahim","3","1","0","4"
"Sanjos Sundawat","1","2","0","3"
"K Kumaran","1","1","1","3"
"Azlan Hussain","2","0","0","2"
"V Saysupelan","1","0","1","2"
"Hector Federico Carballo","0","1","1","2"
"Reeshafiq Alwi","1","0","0","1"
"Gasili Pengalot","0","0","0","0"
"Faizal Desa","0","0","0","0"
"Syahman Zainuddin","0","0","0","0"
"Zaki Tumpang (GK)","0","0","0","0"
"M Patrick Maria","0","0","0","0"
"Saiful Amar Sudar (GK)","0","0","0","0"
"Zulkifli Derus","0","0","0","0"
