"Driver","Wins","Starts","Sprint","Feature"
"Neel Jani","10","60","5","5"
"Nico Hülkenberg","9","20","3","6"
"Alexandre Prémat","7","10","4","3"
"Jonny Reid","7","38","4","3"
"Adam Carroll","6","32","3","3"
"Nicolas Lapierre","6","23","3","3"
"Alex Yoong","4","54","3","1"
"Robbie Kerr","3","46","3","0"
"Adrian Zaugg","3","44","2","1"
"Jeroen Bleekemolen","2","47","2","0"
"Salvador Durán","2","44","1","1"
"Loïc Duval","2","26","1","1"
"Oliver Jarvis","2","14","0","2"
"Narain Karthikeyan","2","40","0","2"
"Nelson Piquet, Jr.","2","14","1","1"
