"","Average population (x 1,000)","Live births","Deaths","Natural change","Crude birth rate (per 1,000)","Crude death rate (per 1,000)","Natural change (per 1,000)"
"1900","2470","105000","58000","47000","42.4","23.5","18.9"
"1901","2520","96000","53000","43000","38.0","21.0","17.0"
"1902","2570","98000","57000","41000","38.0","22.3","15.7"
"1903","2580","106000","60000","46000","40.9","23.5","17.4"
"1904","2650","106000","56000","50000","39.8","21.1","18.7"
"1905","2660","100000","65000","35000","37.3","24.8","2.5"
"1906","2690","113000","66000","47000","42.0","24.5","17.5"
"1907","2770","111000","62000","49000","40.0","22.4","17.6"
"1908","2820","104000","67000","37000","36.8","23.7","13.1"
"1909","2840","110000","83000","27000","38.7","29.3","9.4"
"1910","2870","112000","64000","48000","39.0","22.4","16.6"
"1911","2940","107000","64000","43000","36.3","21.8","14.5"
