"Nation","Gold","Silver","Bronze","Total"
"United States (USA)","9","10","4","23"
"Brazil (BRA)","7","2","7","16"
"Canada (CAN)","4","2","3","9"
"Venezuela (VEN)","3","0","1","4"
"Puerto Rico (PUR)","2","0","3","5"
"Colombia (COL)","0","3","0","3"
"Cuba (CUB)","0","3","0","3"
"Mexico (MEX)","0","2","5","7"
"Chile (CHI)","0","1","1","2"
"Total","25","23","24","72"
