"Name","Premier League","League Cup","FA Cup","Total"
"Kenwyne Jones","10","1","1","12"
"Djibril Cisse","10","0","1","11"
"Kieran Richardson","4","0","0","4"
"David Healy","1","1","1","3"
"Grant Leadbitter","2","0","0","2"
"Michael Chopra","2","0","0","2"
"Anthony Stokes","0","2","0","2"
"s Own goal","2","0","0","2"
"Steed Malbranque","1","0","0","1"
"Danny Collins","1","0","0","1"
"Andy Reid","1","0","0","1"
"Phil Bardsley","0","1","0","1"
"TOTALS","34","5","3","42"
