"Round","Pick","Player","Position","School"
"2","27","Al Simpson","Guard","Colorado State"
"3","62","Danny Buggs","Wide Receiver","West Virginia"
"4","79","Robert Giblin","Defensive Back","Houston"
"7","158","Jim Obradovich","Tight End","USC"
"8","183","John Tate","Linebacker","Jackson State"
