"Year","Dates","Champion","Score","To par","Margin of victory","Purse ( $ )","Winners share ($)"
"2013","Jun 21–23","Inbee Park","201","–12","Playoff","2000000","300000"
"2012","Jun 29 – Jul 1","Ai Miyazato","201","−12","1 stroke","2000000","300000"
"2011","Sep 9–11","Yani Tseng","201","−12","Playoff","2000000","300000"
"2010","Sep 10–12","Yani Tseng","200","−13","1 stroke","2000000","300000"
"2009","Sep 11–13","Jiyai Shin","204","−9","Playoff","1800000","230000"
"2008","Jul 4–6","Seon Hwa Lee","201","−15","1 stroke","1700000","225000"
