"Shooter","Prone","Stand","Kneel","Qual"
"Sonja Pfeilschifter ( GER )","199","195","196","590"
"Olga Dovgun ( KAZ )","200","196","193","589"
"Lioubov Galkina ( RUS )","199","193","194","586"
"Yin Wen ( CHN )","197","195","194","586"
"Jamie Beyerle ( USA )","198","188","194","580"
"Snježana Pejčić ( CRO )","197","193","190","580"
"Eglis Yaima Cruz ( CUB )","199","186","193","578"
"Morgan Hicks ( USA )","196","190","192","578"
"Du Li ( CHN )","199","189","190","578"
"Thanyalak Chotphibunsin ( THA )","197","185","194","576"
"Kristina Vestveit ( NOR )","195","189","191","575"
"Adela Sykorova ( CZE )","195","187","188","570"
