"Name","Only Point","Bonus","Catch Taken","Total Point"
"Ms. Mamatha Poojari - Captain ( INDIA","17","9","4","30"
"GHAZAL KHALAJ","16","8","6","30"
"Ms. Priyanka","8","1","16","25"
"SEDIGHEH JAFARIKALOKAN","9","7","5","21"
"ALISA LIMSAMRAN","9","8","3","20"
"HARPREET KAUR","7","7","4","18"
"Ms. Abhilasha Mhatre","14","1","2","17"
"Ms. Priyanka Negi","14","1","1","16"
"YUMI KANEKO","5","4","5","14"
"Ms. Deepika Henary Joseph - Vice Captain","1","0","13","14"
