"Nation","Gold","Silver","Bronze","Total"
"Luxembourg","36","39","31","106"
"Iceland","28","29","30","87"
"Cyprus","28","17","24","69"
"Liechtenstein","11","16","8","35"
"Montenegro","9","0","2","11"
"Monaco","7","8","15","30"
"Malta","2","11","13","26"
"Andorra","2","1","3","6"
"San Marino","1","4","9","14"
"Total","124","125","135","384"
