"Hand","1 credit","2 credits","3 credits","4 credits","5 credits"
"Natural Royal Flush","300","600","900","1200","4000"
"Four Deuces","200","400","600","800","1000"
"Wild Royal Flush","25","50","75","100","125"
"Five of a Kind","15","30","45","60","75"
"Straight Flush","9","18","27","36","45"
"Four of a Kind","5","10","15","20","25"
"Full House","3","6","9","12","15"
"Flush","2","4","6","8","10"
"Straight","2","4","6","8","10"
"Three of a Kind","1","2","3","4","5"
