"Province","Registered voters","People voted","Valid votes","Invalid votes","Yes","Yes (%)","No","No (%)","Turnout (%)"
"Adana","1386290","1009435","992202","17233","434066","43.75","558136","56.25","72.82"
"Adıyaman","358247","292354","287491","4863","231222","80.43","56269","19.57","81.61"
"Afyonkarahisar","483583","421921","411452","10469","270258","65.68","141194","34.32","87.25"
"Ağrı","274121","154668","148624","6044","142311","95.75","6313","4.25","56.42"
"Aksaray","245874","194680","190600","4080","146102","76.65","44498","23.35","79.18"
"Amasya","233005","205982","202159","3823","118637","58.68","83522","41.32","88.4"
"Ankara","3341633","2669076","2632720","36356","1423474","54.07","1209246","45.93","79.87"
"Antalya","1354787","1046905","1027278","19627","444564","43.28","582714","56.72","77.27"
"Ardahan","69508","53635","51835","1800","28510","55.0","23325","45.00","77.16"
"Artvin","122503","96838","94707","2131","47164","49.8","47543","50.20","79.05"
"Aydın","719726","598062","585485","12577","209820","35.84","375665","64.16","83.1"
"Balıkesir","859259","735639","722086","13553","348418","48.25","373668","51.75","85.61"
"Bartın","140105","121146","116891","4255","64713","55.36","52178","44.64","86.47"
"Batman","260951","105987","99500","6487","94218","94.69","5282","5.31","40.62"
"Bayburt","48973","41432","40777","655","34687","85.07","6090","14.93","84.6"
"Bilecik","141196","124512","121762","2750","60256","49.49","61506","50.51","88.18"
"Bingöl","154117","118652","115651","3001","110167","95.26","5484","4.74","76.99"
"Bitlis","174195","121962","116543","5419","108471","93.07","8072","6.93","70.01"
"Bolu","198972","172551","169077","3474","110644","65.44","58433","34.56","86.72"
"Burdur","184987","165187","160711","4476","84511","52.59","76200","47.41","89.3"
"Bursa","1843820","1517902","1490239","27663","839892","56.36","650347","43.64","82.32"
"Çanakkale","360770","314284","308723","5561","123800","40.1","184923","59.90","87.11"
"Çankırı","130511","109633","107527","2106","82272","76.51","25255","23.49","84.0"
"Çorum","384676","338874","333237","5637","226051","67.83","107186","32.17","88.09"
"Denizli","665282","575622","562978","12644","260643","46.3","302335","53.70","86.52"
"Diyarbakır","851241","296245","278871","17374","261916","93.92","16955","6.08","34.8"
"Düzce","237477","201385","197817","3568","143443","72.51","54374","27.49","84.8"
"Edirne","296576","254358","249744","4614","66233","26.52","183511","73.48","85.76"
"Elazığ","374530","302605","296663","5942","242611","81.78","54052","18.22","80.8"
"Erzincan","143843","123158","121643","1515","77880","64.02","43763","35.98","85.62"
"Erzurum","474085","379988","373026","6962","324011","86.86","49015","13.14","80.15"
"Eskişehir","570044","472251","463957","8294","213331","45.98","250626","54.02","82.84"
"Gaziantep","984683","716358","701112","15246","489706","69.85","211406","30.15","72.75"
"Giresun","306396","244438","240153","4285","152479","63.49","87674","36.51","79.78"
"Gümüşhane","88536","67596","66396","1200","52110","78.48","14286","21.52","76.35"
"Hakkâri","128572","11634","10512","1122","9910","94.27","602","5.73","9.05"
"Hatay","922012","767414","756763","10651","362011","47.84","394752","52.16","83.23"
"Iğdır","105349","53822","51941","1881","28023","53.95","23918","46.05","51.09"
"Isparta","298726","251725","245664","6061","141226","57.49","104438","42.51","84.27"
"Istanbul","9206124","6743672","6641160","102512","3643666","54.86","2997494","45.14","73.25"
"İzmir","2870888","2283928","2246593","37335","815943","36.32","1430650","63.68","79.55"
"Kahramanmaraş","653042","547100","539219","7881","428103","79.39","111116","20.61","83.78"
"Karabük","163081","136555","133024","3531","84821","63.76","48203","36.24","83.73"
"Karaman","158392","136818","133482","3336","88019","65.94","45463","34.06","86.38"
"Kars","183800","125998","122490","3508","80243","65.51","42247","34.49","68.55"
"Kastamonu","269272","228815","223044","5771","140006","62.77","83038","37.23","84.98"
"Kayseri","812554","692502","680984","11518","498812","73.25","182172","26.75","85.23"
"Kilis","75649","63243","61936","1307","41411","66.86","20525","33.14","83.6"
"Kırıkkale","195333","159578","156827","2751","108586","69.24","48241","30.76","81.7"
"Kırklareli","251751","220111","216797","3314","55542","25.62","161255","74.38","87.43"
"Kırşehir","156339","125002","122527","2475","71258","58.16","51269","41.84","79.96"
"Kocaeli","1071556","864871","848323","16548","516533","60.89","331790","39.11","80.71"
"Konya","1327534","1117186","1096922","20264","857167","78.14","239755","21.86","84.15"
"Kütahya","418071","372393","364178","8215","272217","74.75","91961","25.25","89.07"
"Malatya","497796","413038","408425","4613","307133","75.2","101292","24.80","82.97"
"Manisa","960069","829573","810917","18656","402626","49.65","408291","50.35","86.41"
"Mardin","385674","165856","157664","8192","147344","93.45","10320","6.55","43.0"
"Mersin","1123115","818141","804397","13744","299004","37.17","505393","62.83","72.85"
"Muğla","593187","492611","483363","9248","149763","30.98","333600","69.02","83.04"
"Muş","208405","112730","107806","4924","99403","92.21","8403","7.79","54.09"
"Nevşehir","196436","167489","164404","3085","111049","67.55","53355","32.45","85.26"
"Niğde","219841","180549","176310","4239","107474","60.96","68836","39.04","82.13"
"Ordu","508677","400122","391422","8700","248557","63.5","142865","36.50","78.66"
"Osmaniye","308075","255251","250480","4771","133827","53.43","116653","46.57","82.85"
"Rize","229426","180309","177369","2940","134961","76.09","42408","23.91","78.59"
"Sakarya","612621","505267","496127","9140","333871","67.3","162256","32.70","82.48"
"Samsun","874952","722865","709959","12906","476774","67.16","233185","32.84","82.62"
"Şanlıurfa","827755","566395","556434","9961","523882","94.15","32552","5.85","68.43"
"Siirt","150645","76648","72342","4306","68845","95.17","3497","4.83","50.88"
"Sinop","149452","124319","121213","3106","73262","60.44","47951","39.56","83.18"
"Şırnak","197046","44326","37749","6577","33626","89.08","4123","10.92","22.5"
"Sivas","429921","355596","350504","5092","268472","76.6","82032","23.40","82.71"
"Tekirdağ","567415","465412","458124","7288","158825","34.67","299299","65.33","82.02"
"Tokat","423544","359680","353708","5972","228442","64.58","125266","35.42","84.92"
"Trabzon","543650","428766","421131","7635","288911","68.6","132220","31.40","78.87"
"Tunceli","56409","37918","37260","658","7072","18.98","30188","81.02","67.22"
"Uşak","245586","216999","211620","5379","105355","49.78","106265","50.22","88.36"
"Van","530745","231449","220748","10701","208501","94.45","12247","5.55","43.61"
"Yalova","148306","115990","113885","2105","58304","51.2","55581","48.80","78.21"
"Yozgat","319155","257444","253675","3769","196153","77.32","57522","22.68","80.66"
"Zonguldak","455043","380435","369517","10918","184931","50.05","184586","49.95","83.6"
"Customs","2556335","196299","194737","1562","119817","61.53","74920","38.47","7.68"
