"Electorate","Labour","National","New Zealand First","Green","United Future","Maori Party","ACT","Progressive","Other"
"Overall","0.41100000000000003","0.391","0.0572","0.053","0.026699999999999998","0.0212","0.0151","0.0116","0.0131"
"Aoraki","0.3996","0.43060000000000004","0.0602","0.044800000000000006","0.0258","0.0011","0.011699999999999999","0.0154","0.0108"
"Auckland Central","0.4524","0.3372","0.028399999999999998","0.1298","0.013000000000000001","0.0060999999999999995","0.0179","0.008100000000000001","0.0070999999999999995"
"Banks Peninsula","0.401","0.3848","0.0348","0.1043","0.0352","0.002","0.0109","0.019799999999999998","0.0072"
"Bay of Plenty","0.2808","0.49119999999999997","0.12050000000000001","0.0332","0.038900000000000004","0.0062","0.0091","0.0087","0.011399999999999999"
"Christchurch Central","0.48310000000000003","0.30510000000000004","0.0404","0.09699999999999999","0.0304","0.0034000000000000002","0.0106","0.0187","0.0113"
"Christchurch East","0.5344","0.2786","0.0479","0.055099999999999996","0.0333","0.0027","0.0078000000000000005","0.0262","0.013999999999999999"
"Clevedon","0.3161","0.5201","0.0672","0.0246","0.0215","0.0053","0.0241","0.0101","0.011000000000000001"
"Clutha-Southland","0.287","0.5715","0.045700000000000005","0.023700000000000002","0.0339","0.0021","0.0191","0.0076","0.009399999999999999"
"Coromandel","0.3171","0.4416","0.1007","0.0746","0.0246","0.0045000000000000005","0.015300000000000001","0.0098","0.0118"
"Dunedin North","0.5482","0.2514","0.0285","0.1082","0.0276","0.0029","0.009899999999999999","0.0132","0.0101"
"Dunedin South","0.5713","0.2721","0.043899999999999995","0.0541","0.024700000000000003","0.0022","0.0075","0.013999999999999999","0.0102"
"East Coast Bays","0.3177","0.5227","0.04769999999999999","0.0349","0.0239","0.0026","0.025699999999999997","0.0091","0.015700000000000002"
"East Coast","0.3899","0.42200000000000004","0.0677","0.0425","0.0296","0.0159","0.0069","0.01","0.0155"
"Epsom","0.2722","0.5851","0.024399999999999998","0.0533","0.0175","0.0029","0.034","0.005600000000000001","0.005"
"Hamilton East","0.3552","0.45439999999999997","0.058499999999999996","0.0553","0.0341","0.0062","0.0194","0.0092","0.0077"
"Hamilton West","0.4129","0.4003","0.0747","0.0385","0.0285","0.0067","0.0161","0.0105","0.0118"
"Helensville","0.2797","0.5509000000000001","0.0588","0.0403","0.024700000000000003","0.0040999999999999995","0.0235","0.008100000000000001","0.009899999999999999"
"Hutt South","0.4752","0.35090000000000005","0.038599999999999995","0.055999999999999994","0.0388","0.0059","0.0129","0.0103","0.011399999999999999"
"Ikaroa-Rawhiti","0.5828","0.0273","0.0463","0.024300000000000002","0.0038","0.28059999999999996","0.0018","0.003","0.0301"
"Ilam","0.3454","0.4924","0.0342","0.0536","0.0358","0.0017000000000000001","0.0189","0.0125","0.0055000000000000005"
"Invercargill","0.4518","0.39490000000000003","0.0481","0.0308","0.0322","0.0033","0.0115","0.012199999999999999","0.0152"
"Kaikoura","0.3604","0.45020000000000004","0.058600000000000006","0.057699999999999994","0.0282","0.0038","0.014499999999999999","0.0161","0.0105"
"Mana","0.49979999999999997","0.3154","0.0388","0.0623","0.042","0.0077","0.01","0.0108","0.0132"
"Mangere","0.7289","0.1358","0.0415","0.0175","0.0163","0.0115","0.0049","0.015","0.0286"
"Manukau East","0.5487","0.3098","0.0435","0.0177","0.0147","0.0062","0.0191","0.0159","0.024399999999999998"
"Manurewa","0.5911","0.257","0.0555","0.0195","0.0202","0.0132","0.0075","0.0129","0.0231"
"Maungakiekie","0.5071","0.3348","0.04190000000000001","0.0415","0.0204","0.006","0.0191","0.013600000000000001","0.015600000000000001"
"Mt Albert","0.5433","0.2635","0.0338","0.09269999999999999","0.020099999999999996","0.0052","0.0202","0.0111","0.0101"
"Mt Roskill","0.49700000000000005","0.3477","0.0353","0.0417","0.024900000000000002","0.0036","0.0248","0.0118","0.0132"
"Napier","0.41","0.4232","0.0558","0.052300000000000006","0.0245","0.0042","0.0109","0.0089","0.0102"
"Nelson","0.4296","0.3701","0.0433","0.0774","0.035","0.0024","0.0105","0.0113","0.0204"
"New Lynn","0.49090000000000006","0.3306","0.0479","0.055999999999999994","0.0248","0.0039000000000000003","0.0226","0.0123","0.011000000000000001"
"New Plymouth","0.44530000000000003","0.3764","0.0611","0.0545","0.023700000000000002","0.0044","0.0118","0.0075","0.015300000000000001"
"North Shore","0.2991","0.5349","0.0447","0.0516","0.021400000000000002","0.0028000000000000004","0.0304","0.0069","0.008199999999999999"
"Northcote","0.3911","0.4301","0.05","0.0508","0.023799999999999998","0.0042","0.0265","0.0123","0.011200000000000002"
"Northland","0.3023","0.4569","0.10189999999999999","0.0644","0.0199","0.015600000000000001","0.015300000000000001","0.0088","0.0149"
"Ohariu-Belmont","0.3957","0.4313","0.0275","0.0584","0.0555","0.0028000000000000004","0.0149","0.0064","0.0075"
"Otago","0.39590000000000003","0.4437","0.0382","0.0611","0.0213","0.0017000000000000001","0.0159","0.0106","0.0116"
"Otaki","0.4167","0.392","0.0679","0.0455","0.0335","0.0074","0.009899999999999999","0.0159","0.011200000000000002"
"Pakuranga","0.3004","0.5328","0.058499999999999996","0.0252","0.024399999999999998","0.002","0.037599999999999995","0.0083","0.0128"
"Palmerston North","0.4498","0.3669","0.051399999999999994","0.065","0.0329","0.0049","0.0088","0.011399999999999999","0.0089"
"Piako","0.3062","0.5049","0.0892","0.0311","0.0254","0.0043","0.0216","0.0073","0.01"
"Port Waikato","0.259","0.5493","0.08380000000000001","0.0373","0.023399999999999997","0.0064","0.0229","0.0067","0.011200000000000002"
"Rakaia","0.3085","0.5225","0.049699999999999994","0.0388","0.0323","0.0014000000000000002","0.0236","0.0158","0.0074"
"Rangitikei","0.3608","0.4603","0.0739","0.0339","0.0321","0.0060999999999999995","0.0139","0.009000000000000001","0.01"
"Rimutaka","0.478","0.3404","0.0501","0.0417","0.0466","0.0052","0.012","0.013000000000000001","0.013000000000000001"
"Rodney","0.2782","0.5265","0.0808","0.0434","0.030899999999999997","0.0028000000000000004","0.018000000000000002","0.0085","0.0109"
"Rongotai","0.4996","0.2784","0.0302","0.12619999999999998","0.0291","0.0063","0.0103","0.010700000000000001","0.0092"
"Rotorua","0.4189","0.3667","0.0924","0.0377","0.0296","0.015600000000000001","0.011899999999999999","0.0086","0.018600000000000002"
"Tainui","0.5568","0.0414","0.062","0.0277","0.0039000000000000003","0.27699999999999997","0.0026","0.0028000000000000004","0.0258"
"Tamaki","0.32299999999999995","0.5387","0.0378","0.0387","0.0167","0.004","0.0274","0.0072","0.006500000000000001"
"Tamaki Makaurau","0.5514","0.0403","0.053200000000000004","0.032799999999999996","0.0044","0.2748","0.0021","0.0034000000000000002","0.037599999999999995"
"Taranaki-King Country","0.2505","0.5642","0.0806","0.0315","0.0203","0.0060999999999999995","0.0209","0.008100000000000001","0.0178"
"Taupo","0.373","0.4425","0.0775","0.0371","0.026099999999999998","0.0115","0.012199999999999999","0.0097","0.0104"
"Tauranga","0.3023","0.45280000000000004","0.1326","0.0351","0.0447","0.0034000000000000002","0.009000000000000001","0.0077","0.0124"
"Te Atatu","0.5203","0.3038","0.0587","0.0342","0.030699999999999998","0.006999999999999999","0.016200000000000003","0.0111","0.018000000000000002"
"Te Tai Hauauru","0.531","0.0358","0.0481","0.0316","0.0055000000000000005","0.31679999999999997","0.0015","0.0021","0.0276"
"Te Tai Tokerua","0.49329999999999996","0.0501","0.0786","0.0269","0.0040999999999999995","0.31","0.0025","0.0036","0.030899999999999997"
"Te Tai Tonga","0.5789","0.0737","0.0625","0.0647","0.0106","0.17550000000000002","0.0029","0.0085","0.0227"
"Tukituki","0.3766","0.465","0.052199999999999996","0.0387","0.0241","0.0072","0.0115","0.0129","0.0118"
"Waiariki","0.5311","0.028300000000000002","0.0668","0.023","0.0045000000000000005","0.3079","0.0011","0.0024","0.0349"
"Waimakariri","0.41479999999999995","0.4168","0.0617","0.0384","0.0326","0.0016","0.0091","0.015300000000000001","0.0097"
"Wairarapa","0.36060000000000003","0.4512","0.08929999999999999","0.045700000000000005","0.020099999999999996","0.0051","0.011399999999999999","0.008100000000000001","0.0085"
"Waitakere","0.46649999999999997","0.34159999999999996","0.0562","0.0592","0.0294","0.0066","0.013300000000000001","0.0115","0.015700000000000002"
"Wellington Central","0.4335","0.32659999999999995","0.0171","0.1578","0.0258","0.0040999999999999995","0.020499999999999997","0.0075","0.0070999999999999995"
"West Coast-Tasman","0.3722","0.39590000000000003","0.0629","0.09029999999999999","0.030299999999999997","0.0037","0.0108","0.0173","0.0166"
"Whanganui","0.39990000000000003","0.4113","0.067","0.0449","0.0271","0.008100000000000001","0.0091","0.0137","0.0189"
"Whangarei","0.36219999999999997","0.4311","0.0904","0.0463","0.0179","0.0074","0.0199","0.0115","0.013300000000000001"
