"Year","Entrant","Chassis","Engine","Points"
"1994","Mild Seven Benetton Ford","Benetton B194","Ford V8","10"
"1995","MTV Simtek Ford","Simtek S951","Ford V8","0"
"1996","Footwork Hart","Footwork FA17","Hart V8","1"
"1997","Tyrrell","Tyrrell 025","Ford V8","0"
"1998","Stewart Ford","Stewart SF02","Ford V10","0"
"2000","Arrows F1 Team","Arrows A21","Supertec V10","5"
"2001","Orange Arrows Asiatech","Arrows A22","Asiatech V10","1"
"2003","European Minardi Cosworth","Minardi PS03","Cosworth V10","0"
