"Name","Tour","Giro","Vuelta","Total"
"Jacques Anquetil","6","6","1","13"
"Bernard Hinault","7","3","2","12"
"Eddy Merckx","6","5","1","12"
"Felice Gimondi","2","9","1","12"
"Raymond Poulidor","8","0","2","10"
"Gino Bartali","3","7","0","10"
"Miguel Indur√°in","5","3","1","9"
"Fausto Coppi","2","7","0","9"
"Joop Zoetemelk","7","0","1","8"
"Pedro Delgado","3","0","5","8"
"Jan Ullrich","6","0","1","7"
