"Nation","Gold","Silver","Bronze","Total"
"Cyprus","32","30","20","82"
"Luxembourg","30","15","27","72"
"Iceland","20","23","25","68"
"Malta","8","12","9","29"
"Liechtenstein","6","10","11","27"
"Monaco","6","9","14","29"
"Montenegro","4","2","2","8"
"Andorra","3","7","5","15"
"San Marino","3","4","11","18"
"Total","112","112","124","348"
