"Season","Division","Wins","Losses","Ties","Final Position","Notes"
"2003-01-01T00:00:00","BAFL Division 2 North","6","4","0","2000-04-11T00:00:00",""
"2004-01-01T00:00:00","BAFL Division 2 North","6","2","1","2000-01-03T00:00:00",""
"2005-01-01T00:00:00","BAFL Division 2 Scottish","5","5","0","2000-02-04T00:00:00",""
"2006-01-01T00:00:00","BAFL Division 2 Scottish","3","4","0","2000-02-03T00:00:00",""
"2007-01-01T00:00:00","BAFL Division 2 North","9","1","0","2000-01-06T00:00:00","Promoted to Division 1 North"
"2008-01-01T00:00:00","BAFL Division 1 North","5","2","3","2000-03-06T00:00:00",""
"2009-01-01T00:00:00","BAFL Division 1 North","2","6","1","2000-05-07T00:00:00",""
