"Name","League","FA Cup","League Cup","Total"
"Hamilton Ricard","12","0","2","14"
"Brian Deane","9","1","0","10"
"Christian Ziege","6","0","1","7"
"Juninho","4","0","1","5"
"Andy Campbell","4","0","0","4"
"Paul Ince","3","0","1","4"
"Gianluca Festa","2","0","0","2"
"Gary Pallister","1","0","0","1"
"Paul Gascoigne","1","0","0","1"
"Alun Armstrong","1","0","0","1"
"Robbie Stockdale","1","0","0","1"
"Steve Vickers","0","0","1","1"
"Own goals","2","0","0","2"
