"Player","Years","Goals","Assists","Points"
"John Cullen","1983-87","98","143","241"
"David Sacco","1989-93","74","143","217"
"Chris Drury","1994-98","113","101","214"
"Rick Meagher","1973-77","90","120","210"
"Mike Eruzione","1973-77","92","116","208"
"Shawn McEachern","1988-91","79","107","186"
"David Tomlinson","1987-91","77","102","179"
"Mark Fidler","1977-81","77","101","178"
"Mike Kelfer","1985-89","83","89","172"
"Mike Hyndman","1967-70","52","119","171"
